443 11042 | 1 | 2
-1104.000000
-1103.199951
-1102.400024
-1101.599976
-1100.800049
-1100.000000
-1099.199951
-1098.400024
-1097.599976
-1096.800049
-1096.000000
-1095.199951
-1094.400024
-1093.599976
-1092.800049
-1092.000000
-1091.199951
-1090.400024
-1089.599976
-1088.800049
-1088.000000
-1087.199951
-1086.400024
-1085.599976
-1084.800049
-1084.000000
-1083.199951
-1082.400024
-1081.599976
-1080.800049
-1080.000000
-1079.199951
-1078.400024
-1077.599976
-1076.800049
-1076.000000
-1075.199951
-1074.400024
-1073.599976
-1072.800049
-1072.000000
-1071.199951
-1070.400024
-1069.599976
-1068.800049
-1068.000000
-1067.199951
-1066.400024
-1065.599976
-1064.800049
-1064.000000
-1063.199951
-1062.400024
-1061.599976
-1060.800049
-1060.000000
-1059.199951
-1058.400024
-1057.599976
-1056.800049
-1056.000000
-1055.199951
-1054.400024
-1053.599976
-1052.800049
-1052.000000
-1051.199951
-1050.400024
-1049.599976
-1048.800049
-1048.000000
-1047.199951
-1046.400024
-1045.599976
-1044.800049
-1044.000000
-1043.199951
-1042.400024
-1041.599976
-1040.800049
-1040.000000
-1039.199951
-1038.400024
-1037.599976
-1036.800049
-1036.000000
-1035.199951
-1034.400024
-1033.599976
-1032.800049
-1032.000000
-1031.199951
-1030.400024
-1029.599976
-1028.800049
-1028.000000
-1027.199951
-1026.400024
-1025.599976
-1024.800049
-1024.000000
-1023.200012
-1022.400024
-1021.599976
-1020.799988
-1020.000000
-1019.200012
-1018.400024
-1017.599976
-1016.799988
-1016.000000
-1015.200012
-1014.400024
-1013.599976
-1012.799988
-1012.000000
-1011.200012
-1010.400024
-1009.599976
-1008.799988
-1008.000000
-1007.200012
-1006.400024
-1005.599976
-1004.799988
-1004.000000
-1003.200012
-1002.400024
-1001.599976
-1000.799988
-1000.000000
-999.200012
-998.400024
-997.599976
-996.799988
-996.000000
-995.200012
-994.400024
-993.599976
-992.799988
-992.000000
-991.200012
-990.400024
-989.599976
-988.799988
-988.000000
-987.200012
-986.400024
-985.599976
-984.799988
-984.000000
-983.200012
-982.400024
-981.599976
-980.799988
-980.000000
-979.200012
-978.400024
-977.599976
-976.799988
-976.000000
-975.200012
-974.400024
-973.599976
-972.799988
-972.000000
-971.200012
-970.400024
-969.599976
-968.799988
-968.000000
-967.200012
-966.400024
-965.599976
-964.799988
-964.000000
-963.200012
-962.400024
-961.599976
-960.799988
-960.000000
-959.200012
-958.400024
-957.599976
-956.799988
-956.000000
-955.200012
-954.400024
-953.599976
-952.799988
-952.000000
-951.200012
-950.400024
-949.599976
-948.799988
-948.000000
-947.200012
-946.400024
-945.599976
-944.799988
-944.000000
-943.200012
-942.400024
-941.599976
-940.799988
-940.000000
-939.200012
-938.400024
-937.599976
-936.799988
-936.000000
-935.200012
-934.400024
-933.599976
-932.799988
-932.000000
-931.200012
-930.400024
-929.599976
-928.799988
-928.000000
-927.200012
-926.400024
-925.599976
-924.799988
-924.000000
-923.200012
-922.400024
-921.599976
-920.799988
-920.000000
-919.200012
-918.400024
-917.599976
-916.799988
-916.000000
-915.200012
-914.400024
-913.599976
-912.799988
-912.000000
-911.200012
-910.400024
-909.599976
-908.799988
-908.000000
-907.200012
-906.400024
-905.599976
-904.799988
-904.000000
-903.200012
-902.400024
-901.599976
-900.799988
-900.000000
-899.200012
-898.400024
-897.599976
-896.799988
-896.000000
-895.200012
-894.400024
-893.599976
-892.799988
-892.000000
-891.200012
-890.400024
-889.599976
-888.799988
-888.000000
-887.200012
-886.400024
-885.599976
-884.799988
-884.000000
-883.200012
-882.400024
-881.599976
-880.799988
-880.000000
-879.200012
-878.400024
-877.599976
-876.799988
-876.000000
-875.200012
-874.400024
-873.599976
-872.799988
-872.000000
-871.200012
-870.400024
-869.599976
-868.799988
-868.000000
-867.200012
-866.400024
-865.599976
-864.799988
-864.000000
-863.200012
-862.400024
-861.599976
-860.799988
-860.000000
-859.200012
-858.400024
-857.599976
-856.799988
-856.000000
-855.200012
-854.400024
-853.599976
-852.799988
-852.000000
-851.200012
-850.400024
-849.599976
-848.799988
-848.000000
-847.200012
-846.400024
-845.599976
-844.799988
-844.000000
-843.200012
-842.400024
-841.599976
-840.799988
-840.000000
-839.200012
-838.400024
-837.599976
-836.799988
-836.000000
-835.200012
-834.400024
-833.599976
-832.799988
-832.000000
-831.200012
-830.400024
-829.599976
-828.799988
-828.000000
-827.200012
-826.400024
-825.599976
-824.799988
-824.000000
-823.200012
-822.400024
-821.599976
-820.799988
-820.000000
-819.200012
-818.400024
-817.599976
-816.799988
-816.000000
-815.200012
-814.400024
-813.599976
-812.799988
-812.000000
-811.200012
-810.400024
-809.599976
-808.799988
-808.000000
-807.200012
-806.400024
-805.599976
-804.799988
-804.000000
-803.200012
-802.400024
-801.599976
-800.799988
-800.000000
-799.200012
-798.400024
-797.599976
-796.799988
-796.000000
-795.200012
-794.400024
-793.599976
-792.799988
-792.000000
-791.200012
-790.400024
-789.599976
-788.799988
-788.000000
-787.200012
-786.400024
-785.599976
-784.799988
-784.000000
-783.200012
-782.400024
-781.599976
-780.799988
-780.000000
-779.200012
-778.400024
-777.599976
-776.799988
-776.000000
-775.200012
-774.400024
-773.599976
-772.799988
-772.000000
-771.200012
-770.400024
-769.599976
-768.799988
-768.000000
-767.200012
-766.400024
-765.599976
-764.799988
-764.000000
-763.200012
-762.400024
-761.599976
-760.799988
-760.000000
-759.200012
-758.400024
-757.599976
-756.799988
-756.000000
-755.200012
-754.400024
-753.599976
-752.799988
-752.000000
-751.200012
-750.400024
443 11042 | 1 | 3
-1104.000000
-1103.199951
-1102.400024
-1101.599976
-1100.800049
-1100.000000
-1099.199951
-1098.400024
-1097.599976
-1096.800049
-1096.000000
-1095.199951
-1094.400024
-1093.599976
-1092.800049
-1092.000000
-1091.199951
-1090.400024
-1089.599976
-1088.800049
-1088.000000
-1087.199951
-1086.400024
-1085.599976
-1084.800049
-1084.000000
-1083.199951
-1082.400024
-1081.599976
-1080.800049
-1080.000000
-1079.199951
-1078.400024
-1077.599976
-1076.800049
-1076.000000
-1075.199951
-1074.400024
-1073.599976
-1072.800049
-1072.000000
-1071.199951
-1070.400024
-1069.599976
-1068.800049
-1068.000000
-1067.199951
-1066.400024
-1065.599976
-1064.800049
-1064.000000
-1063.199951
-1062.400024
-1061.599976
-1060.800049
-1060.000000
-1059.199951
-1058.400024
-1057.599976
-1056.800049
-1056.000000
-1055.199951
-1054.400024
-1053.599976
-1052.800049
-1052.000000
-1051.199951
-1050.400024
-1049.599976
-1048.800049
-1048.000000
-1047.199951
-1046.400024
-1045.599976
-1044.800049
-1044.000000
-1043.199951
-1042.400024
-1041.599976
-1040.800049
-1040.000000
-1039.199951
-1038.400024
-1037.599976
-1036.800049
-1036.000000
-1035.199951
-1034.400024
-1033.599976
-1032.800049
-1032.000000
-1031.199951
-1030.400024
-1029.599976
-1028.800049
-1028.000000
-1027.199951
-1026.400024
-1025.599976
-1024.800049
-1024.000000
-1023.200012
-1022.400024
-1021.599976
-1020.799988
-1020.000000
-1019.200012
-1018.400024
-1017.599976
-1016.799988
-1016.000000
-1015.200012
-1014.400024
-1013.599976
-1012.799988
-1012.000000
-1011.200012
-1010.400024
-1009.599976
-1008.799988
-1008.000000
-1007.200012
-1006.400024
-1005.599976
-1004.799988
-1004.000000
-1003.200012
-1002.400024
-1001.599976
-1000.799988
-1000.000000
-999.200012
-998.400024
-997.599976
-996.799988
-996.000000
-995.200012
-994.400024
-993.599976
-992.799988
-992.000000
-991.200012
-990.400024
-989.599976
-988.799988
-988.000000
-987.200012
-986.400024
-985.599976
-984.799988
-984.000000
-983.200012
-982.400024
-981.599976
-980.799988
-980.000000
-979.200012
-978.400024
-977.599976
-976.799988
-976.000000
-975.200012
-974.400024
-973.599976
-972.799988
-972.000000
-971.200012
-970.400024
-969.599976
-968.799988
-968.000000
-967.200012
-966.400024
-965.599976
-964.799988
-964.000000
-963.200012
-962.400024
-961.599976
-960.799988
-960.000000
-959.200012
-958.400024
-957.599976
-956.799988
-956.000000
-955.200012
-954.400024
-953.599976
-952.799988
-952.000000
-951.200012
-950.400024
-949.599976
-948.799988
-948.000000
-947.200012
-946.400024
-945.599976
-944.799988
-944.000000
-943.200012
-942.400024
-941.599976
-940.799988
-940.000000
-939.200012
-938.400024
-937.599976
-936.799988
-936.000000
-935.200012
-934.400024
-933.599976
-932.799988
-932.000000
-931.200012
-930.400024
-929.599976
-928.799988
-928.000000
-927.200012
-926.400024
-925.599976
-924.799988
-924.000000
-923.200012
-922.400024
-921.599976
-920.799988
-920.000000
-919.200012
-918.400024
-917.599976
-916.799988
-916.000000
-915.200012
-914.400024
-913.599976
-912.799988
-912.000000
-911.200012
-910.400024
-909.599976
-908.799988
-908.000000
-907.200012
-906.400024
-905.599976
-904.799988
-904.000000
-903.200012
-902.400024
-901.599976
-900.799988
-900.000000
-899.200012
-898.400024
-897.599976
-896.799988
-896.000000
-895.200012
-894.400024
-893.599976
-892.799988
-892.000000
-891.200012
-890.400024
-889.599976
-888.799988
-888.000000
-887.200012
-886.400024
-885.599976
-884.799988
-884.000000
-883.200012
-882.400024
-881.599976
-880.799988
-880.000000
-879.200012
-878.400024
-877.599976
-876.799988
-876.000000
-875.200012
-874.400024
-873.599976
-872.799988
-872.000000
-871.200012
-870.400024
-869.599976
-868.799988
-868.000000
-867.200012
-866.400024
-865.599976
-864.799988
-864.000000
-863.200012
-862.400024
-861.599976
-860.799988
-860.000000
-859.200012
-858.400024
-857.599976
-856.799988
-856.000000
-855.200012
-854.400024
-853.599976
-852.799988
-852.000000
-851.200012
-850.400024
-849.599976
-848.799988
-848.000000
-847.200012
-846.400024
-845.599976
-844.799988
-844.000000
-843.200012
-842.400024
-841.599976
-840.799988
-840.000000
-839.200012
-838.400024
-837.599976
-836.799988
-836.000000
-835.200012
-834.400024
-833.599976
-832.799988
-832.000000
-831.200012
-830.400024
-829.599976
-828.799988
-828.000000
-827.200012
-826.400024
-825.599976
-824.799988
-824.000000
-823.200012
-822.400024
-821.599976
-820.799988
-820.000000
-819.200012
-818.400024
-817.599976
-816.799988
-816.000000
-815.200012
-814.400024
-813.599976
-812.799988
-812.000000
-811.200012
-810.400024
-809.599976
-808.799988
-808.000000
-807.200012
-806.400024
-805.599976
-804.799988
-804.000000
-803.200012
-802.400024
-801.599976
-800.799988
-800.000000
-799.200012
-798.400024
-797.599976
-796.799988
-796.000000
-795.200012
-794.400024
-793.599976
-792.799988
-792.000000
-791.200012
-790.400024
-789.599976
-788.799988
-788.000000
-787.200012
-786.400024
-785.599976
-784.799988
-784.000000
-783.200012
-782.400024
-781.599976
-780.799988
-780.000000
-779.200012
-778.400024
-777.599976
-776.799988
-776.000000
-775.200012
-774.400024
-773.599976
-772.799988
-772.000000
-771.200012
-770.400024
-769.599976
-768.799988
-768.000000
-767.200012
-766.400024
-765.599976
-764.799988
-764.000000
-763.200012
-762.400024
-761.599976
-760.799988
-760.000000
-759.200012
-758.400024
-757.599976
-756.799988
-756.000000
-755.200012
-754.400024
-753.599976
-752.799988
-752.000000
-751.200012
-750.400024
